0 5
4 5
955 24
2010 14
10 18
957 11
958 20
1993 14
960 2
1131 24
1988 18
2550 14
3026 22
598 17
3271 18
2004 18
956 4
2091 21
3033 21
966 5
3761 9
1739 7
13 2
2012 18
2013 18
2014 18
2015 18
3040 2
976 19
20 0
21 9
3041 24
979 2
980 2
2330 10
3045 21
3046 2
3047 18
27 1
3346 2
2185 22
988 25
2027 2
3052 20
2428 8
991 18
179 25
995 2
997 8
998 19
235 25
2237 20
2037 19
3181 7
1056 0
3063 13
1005 10
3065 11
45 14
3697 14
2047 25
1009 16
49 25
3071 14
52 11
2297 18
53 25
3074 24
300 23
2051 9
2053 9
1019 25
1020 13
59 11
1022 25
2333 2
62 5
1025 10
2059 9
3848 10
2561 25
3082 2
2176 24
2065 8
3663 5
1030 22
1972 1
71 10
816 8
2071 10
3091 25
1033 0
3652 1
3093 8
406 5
2079 23
962 4
1041 8
3101 20
1042 8
2083 23
1045 20
1046 8
1047 18
2089 8
3106 22
3107 7
1333 18
3108 24
3637 0
2488 2
3188 0
2008 8
93 11
3269 18
1911 5
3169 7
2874 1
1068 5
2105 0
103 17
3656 1
3120 21
108 17
2107 9
2108 14
1076 2
741 5
471 24
2674 10
3129 8
1081 24
3659 7
3131 25
3132 25
118 4
1401 25
3135 8
2878 22
2119 23
124 23
708 7
2183 22
3147 14
1555 21
1095 18
725 24
2130 16
732 5
2133 25
2134 16
135 7
3809 10
3151 9
2186 18
137 18
855 2
778 2
1098 18
143 10
2271 11
2542 8
2144 7
149 25
2145 4
1102 8
1231 22
153 9
825 2
1104 8
1105 5
155 17
2515 4
1873 17
3168 24
160 18
2156 15
2157 2
2928 2
3166 7
163 10
1678 1
2965 18
1122 18
2163 11
1287 13
2696 14
2138 25
3173 14
3880 21
2166 18
177 5
974 22
178 5
992 14
181 13
3182 17
678 1
2174 5
187 13
188 11
1142 18
190 18
191 14
822 1
3112 10
192 2
936 24
1147 20
3191 17
3193 14
3143 10
3146 14
3049 2
3197 25
2187 18
1099 11
1676 18
3050 8
1152 18
2891 7
1118 1
199 8
200 4
1153 2
3208 10
3205 18
203 17
2200 24
2202 8
3209 24
1154 5
207 18
2207 25
352 22
3212 17
985 22
1167 14
1169 13
3213 19
1204 5
215 5
2216 13
2364 17
3218 17
1510 20
219 18
1728 5
1179 2
1181 19
1183 2
3226 1
3229 9
3230 23
3231 23
37 9
228 2
2826 25
3236 9
3237 1
3583 14
2231 1
3240 9
2233 1
236 11
886 2
238 8
3394 11
3000 2
3249 7
2241 8
3252 11
2244 8
247 7
1804 5
2246 1
544 19
1208 9
1209 24
1173 7
1211 18
250 21
251 20
1213 21
645 9
252 7
2859 7
254 9
2562 5
3264 8
1222 24
1520 18
1228 9
3829 2
1691 17
1992 0
2393 7
3547 24
1233 17
258 18
2946 8
2263 13
1426 20
3275 2
2266 5
2268 4
264 13
837 8
3282 2
3283 2
3284 2
1242 4
3286 10
689 24
1244 4
1245 11
737 20
3221 2
1193 25
3654 10
3301 5
2274 18
1253 18
3293 8
2472 18
1255 10
1695 18
2278 18
2279 18
2280 24
841 5
1263 18
1264 5
3298 23
363 18
2284 15
2285 18
2286 21
1749 16
680 11
2288 24
284 17
2290 23
3738 2
3387 25
2292 25
51 0
2294 20
2621 9
1270 4
3527 7
3305 8
2296 22
295 1
3431 8
3311 14
1281 2
2302 9
298 21
3317 4
2441 21
1700 18
29 10
1887 10
2307 9
1289 13
2309 18
1291 8
305 18
2310 8
848 18
446 9
1527 18
2313 7
3332 5
3333 16
216 2
2317 5
3728 8
3337 16
2321 9
2324 9
1315 13
317 8
318 8
319 8
1319 8
1320 13
2493 7
321 10
323 10
3350 2
1329 25
328 10
88 20
2344 24
1336 8
3358 25
3359 8
2858 1
3362 20
2349 14
2350 5
338 24
3366 18
369 4
850 11
2355 25
2358 11
703 2
2360 25
3846 13
1348 5
343 18
2196 11
346 10
1378 20
348 10
2367 5
705 9
1355 18
354 2
2372 22
2253 25
1711 23
3647 14
373 7
3696 18
361 11
1542 10
362 14
1006 19
2379 21
1364 13
2381 7
1987 24
1368 13
2339 16
2384 10
3127 10
2343 7
2749 9
2388 7
2627 11
3395 8
2750 8
1379 20
1380 8
762 12
3400 8
2395 18
376 10
2400 18
2751 16
1385 11
394 4
3404 4
377 23
383 17
2840 7
3407 22
2403 16
2404 19
426 16
390 0
3080 25
2469 21
2408 16
1134 10
393 20
2413 18
380 0
3414 11
2912 25
2419 21
2420 4
2422 5
1398 11
2429 22
403 5
2433 2
618 22
716 5
360 10
2369 18
1888 10
407 17
3426 7
2590 22
1686 10
409 2
3428 0
2442 25
1408 5
413 4
415 25
416 18
1410 18
418 18
2446 1
1286 25
2450 25
3437 9
2451 9
76 0
388 23
2688 8
3439 5
1419 0
2456 18
433 14
435 14
3440 18
2458 20
3442 18
2761 18
1681 7
2406 14
2465 2
3254 22
2468 25
2470 2
1428 17
3446 8
1431 9
2475 5
1433 20
1434 9
2301 18
1435 10
2892 9
450 20
451 10
3335 2
2474 13
3946 13
788 23
2847 13
1439 9
182 13
1210 9
3373 14
2886 7
2888 18
2275 10
3462 1
3463 22
1447 7
2494 8
2495 20
396 8
2497 20
3466 0
1453 11
2690 15
2974 13
2055 10
1456 14
2502 5
1458 25
1460 16
2505 1
1394 25
1463 7
906 9
3476 18
482 18
2981 25
3479 18
3480 18
3481 18
1052 24
3483 9
3054 8
2601 25
3485 9
1897 5
2516 20
2517 11
1856 22
1478 10
490 10
491 10
492 10
1480 24
2524 1
2525 1
1482 9
568 9
1013 0
496 20
3494 4
1487 25
497 19
528 23
2535 8
503 24
1136 10
2536 20
2537 20
2539 8
1496 22
3502 11
2775 10
2743 14
711 10
3508 9
2548 25
3511 17
2549 16
3512 4
2086 16
74 16
2883 5
523 1
2425 4
3519 2
1200 18
2559 5
2560 18
1216 25
3263 18
2434 2
532 22
534 25
330 18
1521 18
405 19
3526 7
1522 23
3955 23
539 17
880 16
1525 18
541 8
96 8
3531 23
3532 10
1317 4
1174 23
1532 18
3879 23
1533 7
1343 4
1346 24
1538 24
1539 7
1578 2
3538 18
3540 18
3541 5
883 7
2589 24
3546 4
555 5
556 25
2593 23
1432 23
2594 25
3427 0
2261 1
560 19
1465 19
566 1
1565 2
801 16
2252 2
3554 1
571 8
3562 2
2606 24
1571 9
1572 21
1573 21
573 1
574 13
889 10
2000 23
3558 8
2611 0
3891 11
2935 8
1570 13
1587 17
1409 18
588 18
589 9
1072 9
3596 18
1912 9
1594 8
1927 24
3611 18
1596 5
3007 8
1599 11
1601 23
1411 17
3574 2
2665 2
587 20
3577 16
3315 13
3580 9
1605 5
1262 22
3584 14
3824 2
2637 10
2639 2
612 5
3591 1
2833 18
613 10
1610 2
3398 2
220 2
614 9
3600 11
2655 19
2659 9
1617 5
1618 18
2661 9
3607 8
3608 16
1829 25
1622 18
1837 11
3811 17
622 5
2977 2
623 7
1625 24
2669 25
2670 19
2671 17
3619 11
627 11
628 2
3621 1
3854 2
631 1
632 24
1631 1
3183 10
3629 10
2679 5
2680 17
1636 1
133 21
2717 5
1719 13
1675 11
1644 8
3639 10
3640 10
648 18
2695 20
1652 8
2048 25
3648 18
1657 8
2697 1
3133 8
1360 9
805 9
602 24
24 13
664 24
2704 23
3902 8
116 18
2707 18
2866 18
1666 18
17 18
1668 8
671 7
2712 22
2924 0
3582 16
1670 18
1111 19
3670 18
3379 18
1674 18
3451 9
3673 24
3441 18
2719 19
3674 18
2721 0
3676 18
217 22
2724 10
2725 10
3679 8
248 21
2731 10
3686 20
2732 0
2733 18
2734 14
2736 20
1010 16
1425 24
610 11
1699 18
2305 18
696 23
2958 2
697 13
3693 18
1376 8
700 13
760 7
2359 18
1706 18
353 18
1259 23
1997 9
2282 21
1714 22
710 9
1584 24
1716 7
2753 18
2609 25
714 17
1707 8
1721 18
1722 18
1724 8
1725 18
1679 1
2281 18
1727 18
2619 5
131 0
2300 18
723 5
2975 22
2767 19
1925 16
730 13
504 18
509 18
3710 9
3711 10
1407 18
2100 10
734 18
366 18
18 9
1744 19
2782 8
2784 8
2786 8
3722 18
2787 9
583 14
2789 14
742 24
743 18
3520 25
1752 18
2797 14
2798 11
751 19
3730 10
2022 0
3731 10
2800 18
1758 9
3752 8
3735 10
3737 5
755 11
186 18
2804 11
2624 2
2742 24
2482 24
2810 18
2811 8
2812 8
261 8
3746 7
2772 5
3747 11
772 22
2856 14
1 14
367 8
3911 19
1781 4
2824 23
1783 10
773 24
3757 9
1787 7
1790 11
2829 14
1206 9
1427 10
1794 1
3762 10
2830 14
411 18
1796 5
1239 18
782 16
1273 9
3769 0
3770 0
3771 19
2921 0
1802 23
2839 18
3775 5
1807 18
896 17
681 25
1811 18
1813 7
347 9
2849 14
3606 8
2852 0
1816 18
2478 8
2220 20
799 8
800 2
1044 8
1819 14
802 18
1947 7
803 18
3792 23
3053 25
3056 7
807 18
1824 4
3799 21
3079 7
1792 25
2052 9
2868 13
2871 24
965 8
3803 1
3850 14
2876 8
1835 18
2366 24
1624 19
1838 18
2880 5
1839 18
3812 5
1841 18
3819 2
1843 25
1103 18
1845 9
1150 1
467 18
827 14
3839 23
1795 9
3825 21
1850 22
3940 7
2895 8
3941 21
1342 18
2248 10
1858 8
2899 14
1860 10
1861 2
1248 8
579 8
3831 18
1246 22
1864 8
2904 25
840 19
1260 19
2906 2
2860 25
1868 1
2907 16
2908 0
1870 18
3313 16
1872 8
2910 18
2745 18
849 4
3348 24
3844 14
2917 9
3847 8
3368 0
853 5
854 11
704 10
1880 24
3382 18
3386 14
468 18
2925 18
857 11
2927 18
858 22
483 18
3793 9
1392 18
2932 18
2999 11
3425 18
1889 10
1890 10
1891 2
3863 10
3477 18
3615 9
3616 16
1879 24
1895 5
1896 5
3870 4
3871 18
303 25
3261 18
3875 18
3876 16
3385 18
475 24
3878 14
1526 18
882 11
3882 0
3949 18
2952 24
950 7
888 10
2953 4
890 2
891 2
3326 18
1913 19
2504 25
2245 1
895 9
1920 11
2961 18
3474 18
3889 11
898 0
901 22
791 18
903 25
3657 8
3904 8
2967 10
1267 14
1562 9
3380 8
1212 9
1417 2
1936 9
282 18
1937 8
1938 8
3703 4
1940 8
1466 9
2978 1
740 11
917 5
918 9
2509 13
3732 8
1949 24
1950 7
2348 18
922 5
3836 18
3779 19
3927 7
1954 8
3928 7
947 7
1958 24
1959 8
3016 16
2955 19
1470 24
1393 8
2684 7
1814 18
934 4
3482 18
3943 8
3287 5
1612 17
951 18
3937 7
3336 22
1989 18
3001 10
3948 13
1120 18
3003 10
1307 23
3886 18
1137 0
1977 18
3008 7
3716 22
1982 9
3956 8
3957 8
1985 18
3012 5
1986 9
3954 8
